440303001001
440303001002
440303001004
440303001005
440303001007
440303001008
440303001009
440303001010
440303001011
440303001016
440303001017
440303001018
440303002001
440303002003
440303002007
440303002008
440303002009
440303002011
440303002012
440303002015
440303002017
440303002019
440303002020
440303002021
440303002022
440303003001
440303003002
440303003003
440303003009
440303003010
440303003011
440303003012
440303003013
440303003014
440303003015
440303003016
440303003017
440303003020
440303003021
440303003022
440303004001
440303004006
440303004010
440303004011
440303004015
440303004022
440303004028
440303004029
440303004030
440303004031
440303004033
440303004034
440303005001
440303005005
440303005006
440303005007
440303005010
440303005011
440303005012
440303005013
440303005014
440303005015
440303005016
440303005018
440303005019
440303005020
440303006001
440303006004
440303006007
440303006008
440303006009
440303006012
440303006014
440303006017
440303007001
440303007002
440303007003
440303007004
440303007006
440303007007
440303007009
440303007010
440303007011
440303007012
440303007013
440303007014
440303008001
440303008002
440303008003
440303008004
440303008005
440303008006
440303008007
440303008009
440303008010
440303009001
440303009002
440303009003
440303009004
440303009005
440303009006
440303009010
440303009013
440303009014
440303010001
440303010002
440303010003
440303010004
440303010005
440303010006
440303010007
440303010008
440304001018
440304001019
440304001020
440304001021
440304001023
440304001025
440304001026
440304001027
440304001028
440304001029
440304001030
440304001031
440304001032
440304002016
440304002017
440304002021
440304002024
440304002025
440304002026
440304002029
440304002030
440304002031
440304002032
440304004022
440304004023
440304004026
440304004027
440304004028
440304004029
440304004030
440304004031
440304004033
440304004034
440304004036
440304004037
440304004038
440304004039
440304004040
440304005021
440304005023
440304005024
440304005026
440304005029
440304005032
440304005033
440304005035
440304005036
440304005037
440304005038
440304005039
440304005040
440304005041
440304006009
440304006011
440304006012
440304006015
440304006017
440304006018
440304006019
440304006020
440304006021
440304006022
440304006023
440304007012
440304007014
440304007015
440304007016
440304007017
440304007018
440304007019
440304007020
440304007021
440304007022
440304007024
440304007025
440304007026
440304007027
440304007028
440304008001
440304008003
440304008005
440304008006
440304008007
440304008008
440304008010
440304008011
440304008012
440304008013
440304008014
440304008015
440304008016
440304008017
440304008018
440304008019
440304009002
440304009004
440304009006
440304009007
440304009008
440304009009
440304009011
440304009012
440304009013
440304009014
440304010001
440304010002
440304010003
440304010004
440304010005
440304011001
440304011002
440304011003
440304011004
440304011005
440304011006
440304400498
440305001001
440305001003
440305001004
440305001005
440305001007
440305001011
440305001012
440305001013
440305001014
440305001016
440305001018
440305001020
440305002003
440305002004
440305002005
440305002006
440305002007
440305002008
440305002010
440305002012
440305002013
440305002014
440305002015
440305002016
440305002018
440305003006
440305003007
440305003010
440305003011
440305003012
440305003013
440305003014
440305003015
440305003017
440305003022
440305003024
440305003026
440305003027
440305005001
440305005002
440305005003
440305005004
440305005005
440305005006
440305005008
440305005009
440305005011
440305005012
440305005013
440305005014
440305005015
440305005016
440305006002
440305006003
440305006004
440305006005
440305006006
440305006007
440305006008
440305006009
440305006010
440305006011
440305006013
440305007003
440305007004
440305007007
440305007008
440305007010
440305007011
440305007012
440305007015
440305007016
440305007017
440305007019
440305007023
440305007025
440305007027
440305007028
440305008001
440305008002
440305008004
440305008005
440305008006
440305008009
440305008010
440305008011
440305008012
440305008013
440305008015
440305008016
440305009003
440305009005
440305009006
440305009007
440305009008
440305009009
440305009011
440305009012
440305009013
440305009014
440305009015
440305009016
440305400498
440306017001
440306017002
440306017003
440306017004
440306017005
440306017006
440306017007
440306017008
440306017009
440306017010
440306017011
440306017012
440306017013
440306017014
440306017015
440306017016
440306017017
440306017018
440306017019
440306017020
440306017021
440306017023
440306017024
440306018001
440306018002
440306018003
440306018004
440306018005
440306018006
440306018007
440306018008
440306018009
440306018010
440306018011
440306018012
440306018013
440306018014
440306018015
440306018016
440306018017
440306018018
440306018019
440306018020
440306018021
440306018022
440306018023
440306018024
440306018025
440306019001
440306019002
440306019003
440306019004
440306019005
440306019006
440306019007
440306019008
440306019009
440306020001
440306020002
440306020003
440306020004
440306020005
440306020006
440306020007
440306021001
440306021002
440306021003
440306021004
440306021005
440306021007
440306021008
440306022001
440306022002
440306022003
440306022004
440306022005
440306022006
440306022007
440306022008
440306022009
440306022010
440306022011
440306022012
440306022013
440306022014
440306022015
440306022016
440306022017
440306022018
440306022019
440306022020
440306022021
440306022022
440306023001
440306023002
440306023003
440306023004
440306023005
440306023006
440306023007
440306024001
440306024002
440306024003
440306024004
440306024005
440306024006
440306024007
440306024008
440306024009
440306024010
440306024011
440306024012
440306024013
440306025001
440306025002
440306025003
440306025004
440306025005
440306026001
440306026002
440306026003
440306026004
440306026005
440306026006
440306026007
440306026008
440306026009
440306026010
440306026011
440306026012
440306026013
440306026014
440306026015
440306026016
440306026017
440306026018
440306026019
440306026020
440306026021
440306026022
440306027001
440306027002
440306027003
440306027004
440306027005
440306027006
440306028001
440306028002
440306028003
440306028004
440306028005
440306029001
440306029002
440306029003
440306030001
440306030002
440306030003
440306030004
440306030005
440306031001
440306031002
440306031003
440306031004
440306032001
440306032002
440306032003
440306032004
440306032005
440306032006
440306032007
440306032008
440306400498
440307003002
440307003004
440307003005
440307003006
440307003007
440307003008
440307003009
440307003010
440307003011
440307003012
440307003013
440307003014
440307006001
440307006002
440307006006
440307006007
440307006008
440307006009
440307006010
440307006011
440307006012
440307009001
440307009002
440307009003
440307009004
440307009005
440307009006
440307009007
440307009008
440307009009
440307010001
440307010002
440307010003
440307010004
440307010005
440307010006
440307010007
440307011001
440307011002
440307011003
440307011004
440307011005
440307011006
440307011007
440307011008
440307011009
440307012002
440307012003
440307012004
440307012010
440307012011
440307012012
440307012013
440307012014
440307012015
440307012016
440307012017
440307012018
440307012019
440307012020
440307013002
440307013007
440307013008
440307013011
440307013012
440307013013
440307013014
440307013015
440307013016
440307013017
440307013018
440307013019
440307013020
440307013021
440307013022
440307013023
440307014001
440307014002
440307014003
440307014004
440307014005
440307014007
440307014008
440307014014
440307014015
440307014016
440307014018
440307014019
440307014021
440307014024
440307014025
440307014026
440307014027
440307015001
440307015004
440307015006
440307015007
440307015008
440307015011
440307015012
440307015013
440307015014
440307015015
440307015016
440307015017
440307015018
440307015019
440307015020
440307016001
440307016002
440307016006
440307016007
440307016008
440307016016
440307016017
440307017001
440307017003
440307017006
440307017008
440307017011
440307017012
440307017013
440307017014
440307017015
440307018001
440307018002
440307018003
440307018004
440307018005
440307018006
440307018007
440307019001
440307019002
440307019003
440307019004
440307019005
440307019006
440307019007
440307020001
440307020002
440307020003
440307020004
440307020005
440307020006
440308001002
440308001005
440308001006
440308001007
440308002003
440308002004
440308002005
440308002008
440308002009
440308002010
440308003003
440308003004
440308003005
440308003006
440308003007
440308003008
440308003009
440308004003
440308004004
440308004005
440308004006
440308004007
440308004008
440308400498
440308401498
440309001001
440309001002
440309001003
440309001004
440309001005
440309001006
440309001007
440309001008
440309001009
440309001010
440309001011
440309001012
440309001013
440309001014
440309001015
440309001016
440309001017
440309002001
440309002002
440309002003
440309002004
440309002005
440309002006
440309002007
440309002008
440309002009
440309002010
440309002011
440309002012
440309002013
440309002014
440309002015
440309002016
440309002017
440309002018
440309002019
440309002020
440309002021
440309003001
440309003002
440309003003
440309003004
440309003005
440309003006
440309003007
440309003008
440309003009
440309003010
440309003011
440309003012
440309003013
440309003014
440309003015
440309003016
440309003017
440309003018
440309003019
440309003020
440309003021
440309003022
440309004001
440309004002
440309004003
440309004004
440309004005
440309004006
440309004007
440309004008
440309004009
440309004010
440309004011
440309004012
440309004013
440309004014
440309004015
440309004016
440309004017
440309004018
440309004019
440309004020
440309004021
440309005001
440309005002
440309005003
440309005004
440309005005
440309005006
440309005007
440309005008
440309005009
440309005010
440309005011
440309006001
440309006002
440309006003
440309006004
440309006005
440309006006
440309006007
440309006008
440309006009
440309006010
440309006011
440309006012
440309006013
440309006014
440309006015
440309006016
440310001001
440310001002
440310001003
440310001004
440310002001
440310002002
440310002003
440310002004
440310003001
440310003002
440310003003
440310004001
440310004002
440310004003
440310004004
440310005001
440310005002
440310005003
440310005004
440310006001
440310006002
440310006003
440310006004
440310401498
